4
4.96062994003295898
5.92125988006591797
6.88188982009887695
7.84251976013183594
8.80314970016479492
9.76377964019775391
10.7244095802307129
11.6850395202636719
12.6456694602966309
13.6062994003295898
14.5669293403625488
15.5275592803955078
16.4881892204284668
17.4488191604614258
18.4094491004943848
19.3700790405273438
20.3307089805603027
21.2913389205932617
22.2519688606262207
23.2125988006591797
24.1732287406921387
25.1338586807250977
26.0944886207580566
27.0551185607910156
28.0157485008239746
28.9763784408569336
29.9370083808898926
30.8976383209228516
31.8582682609558105
32.8188982009887695
33.7795281410217285
34.7401580810546875
35.7007880210876465
36.6614179611206055
37.6220479011535645
38.5826778411865234
39.5433077812194824
40.5039377212524414
41.4645676612854004
42.4251976013183594
43.3858275413513184
44.3464574813842773
45.3070874214172363
46.2677173614501953
47.2283473014831543
48.1889772415161133
49.1496071815490723
50.1102371215820312
51.0708670616149902
52.0314970016479492
52.9921269416809082
53.9527568817138672
54.9133868217468262
55.8740167617797852
56.8346467018127441
57.7952766418457031
58.7559065818786621
59.7165365219116211
60.6771664619445801
61.6377964019775391
62.598426342010498
63.559056282043457
64.519686222076416
65.480316162109375
66.440946102142334
67.401576042175293
68.362205982208252
69.3228359222412109
70.2834658622741699
71.2440958023071289
72.2047257423400879
73.1653556823730469
74.1259856224060059
75.0866155624389648
76.0472455024719238
77.0078754425048828
77.9685053825378418
78.9291353225708008
79.8897652626037598
80.8503952026367188
81.8110251426696777
82.7716550827026367
83.7322850227355957
84.6929149627685547
85.6535449028015137
86.6141748428344727
87.5748047828674316
88.5354347229003906
89.4960646629333496
90.4566946029663086
91.4173245429992676
92.3779544830322266
93.3385844230651855
94.2992143630981445
95.2598443031311035
96.2204742431640625
97.1811041831970215
98.1417341232299805
99.1023640632629395
100.062994003295898
101.023623943328857
101.984253883361816
102.944883823394775
103.905513763427734
104.866143703460693
105.826773643493652
106.787403583526611
107.74803352355957
108.708663463592529
109.669293403625488
110.629923343658447
111.590553283691406
112.551183223724365
113.511813163757324
114.472443103790283
115.433073043823242
116.393702983856201
117.35433292388916
118.314962863922119
119.275592803955078
120.236222743988037
121.196852684020996
122.157482624053955
123.118112564086914
124.078742504119873
125.039372444152832
126.000002384185791
