1
1.19750000536441803
1.39500001072883606
1.59250001609325409
1.79000002145767212
1.98750002682209015
2.18500003218650818
2.38250003755092621
2.58000004291534424
2.77750004827976227
2.9750000536441803
3.17250005900859833
3.37000006437301636
3.56750006973743439
3.76500007510185242
3.96250008046627045
4.16000008583068848
4.35750009119510651
4.55500009655952454
4.75250010192394257
4.9500001072883606
5.14750011265277863
5.34500011801719666
5.54250012338161469
5.74000012874603271
5.93750013411045074
6.13500013947486877
6.3325001448392868
6.53000015020370483
6.72750015556812286
6.92500016093254089
7.12250016629695892
7.32000017166137695
7.51750017702579498
7.71500018239021301
7.91250018775463104
8.11000019311904907
8.3075001984834671
8.50500020384788513
8.70250020921230316
8.90000021457672119
9.09750021994113922
9.29500022530555725
9.49250023066997528
9.69000023603439331
9.88750024139881134
10.0850002467632294
10.2825002521276474
10.4800002574920654
10.6775002628564835
10.8750002682209015
11.0725002735853195
11.2700002789497375
11.4675002843141556
11.6650002896785736
11.8625002950429916
12.0600003004074097
12.2575003057718277
12.4550003111362457
12.6525003165006638
12.8500003218650818
13.0475003272294998
13.2450003325939178
13.4425003379583359
13.6400003433227539
13.8375003486871719
14.03500035405159
14.232500359416008
14.430000364780426
14.6275003701448441
14.8250003755092621
15.0225003808736801
15.2200003862380981
15.4175003916025162
15.6150003969669342
15.8125004023313522
16.0100004076957703
16.2075004130601883
16.4050004184246063
16.6025004237890244
16.8000004291534424
16.9975004345178604
17.1950004398822784
17.3925004452466965
17.5900004506111145
17.7875004559755325
17.9850004613399506
18.1825004667043686
18.3800004720687866
18.5775004774332047
18.7750004827976227
18.9725004881620407
19.1700004935264587
19.3675004988908768
19.5650005042552948
19.7625005096197128
19.9600005149841309
20.1575005203485489
20.3550005257129669
20.5525005310773849
20.750000536441803
20.947500541806221
21.145000547170639
21.3425005525350571
21.5400005578994751
21.7375005632638931
21.9350005686283112
22.1325005739927292
22.3300005793571472
22.5275005847215652
22.7250005900859833
22.9225005954504013
23.1200006008148193
23.3175006061792374
23.5150006115436554
23.7125006169080734
23.9100006222724915
24.1075006276369095
24.3050006330013275
24.5025006383657455
24.7000006437301636
24.8975006490945816
25.0950006544589996
25.2925006598234177
25.4900006651878357
25.6875006705522537
25.8850006759166718
26.0825006812810898
26.2800006866455078
26.4775006920099258
26.6750006973743439
26.8725007027387619
27.0700007081031799
27.267500713467598
27.465000718832016
27.662500724196434
27.8600007295608521
28.0575007349252701
28.2550007402896881
28.4525007456541061
28.6500007510185242
28.8475007563829422
29.0450007617473602
29.2425007671117783
29.4400007724761963
29.6375007778406143
29.8350007832050323
30.0325007885694504
30.2300007939338684
30.4275007992982864
30.6250008046627045
30.8225008100271225
31.0200008153915405
31.2175008207559586
31.4150008261203766
31.6125008314847946
31.8100008368492126
32.0075008422136307
32.2050008475780487
32.4025008529424667
32.6000008583068848
32.7975008636713028
32.9950008690357208
33.1925008744001389
33.3900008797645569
33.5875008851289749
33.7850008904933929
33.982500895857811
34.180000901222229
34.377500906586647
34.5750009119510651
34.7725009173154831
34.9700009226799011
35.1675009280443192
35.3650009334087372
35.5625009387731552
35.7600009441375732
35.9575009495019913
36.1550009548664093
36.3525009602308273
36.5500009655952454
36.7475009709596634
36.9450009763240814
37.1425009816884995
37.3400009870529175
37.5375009924173355
37.7350009977817535
37.9325010031461716
38.1300010085105896
38.3275010138750076
38.5250010192394257
38.7225010246038437
38.9200010299682617
39.1175010353326797
39.3150010406970978
39.5125010460615158
39.7100010514259338
39.9075010567903519
40.1050010621547699
40.3025010675191879
40.500001072883606
40.697501078248024
40.895001083612442
41.09250108897686
41.2900010943412781
41.4875010997056961
41.6850011050701141
41.8825011104345322
42.0800011157989502
42.2775011211633682
42.4750011265277863
42.6725011318922043
42.8700011372566223
43.0675011426210403
43.2650011479854584
43.4625011533498764
43.6600011587142944
43.8575011640787125
44.0550011694431305
44.2525011748075485
44.4500011801719666
44.6475011855363846
44.8450011909008026
45.0425011962652206
45.2400012016296387
45.4375012069940567
45.6350012123584747
45.8325012177228928
46.0300012230873108
46.2275012284517288
46.4250012338161469
46.6225012391805649
46.8200012445449829
47.0175012499094009
47.215001255273819
47.412501260638237
47.610001266002655
47.8075012713670731
48.0050012767314911
48.2025012820959091
48.4000012874603271
48.5975012928247452
48.7950012981891632
48.9925013035535812
49.1900013089179993
49.3875013142824173
49.5850013196468353
49.7825013250112534
49.9800013303756714
50.1775013357400894
50.3750013411045074
50.5725013464689255
50.7700013518333435
50.9675013571977615
51.1650013625621796
51.3625013679265976
51.5600013732910156
51.7575013786554337
51.9550013840198517
52.1525013893842697
52.3500013947486877
52.5475014001131058
52.7450014054775238
52.9425014108419418
53.1400014162063599
53.3375014215707779
53.5350014269351959
53.732501432299614
53.930001437664032
54.12750144302845
54.325001448392868
54.5225014537572861
54.7200014591217041
54.9175014644861221
55.1150014698505402
55.3125014752149582
55.5100014805793762
55.7075014859437943
55.9050014913082123
56.1025014966726303
56.3000015020370483
56.4975015074014664
56.6950015127658844
56.8925015181303024
57.0900015234947205
57.2875015288591385
57.4850015342235565
57.6825015395879745
57.8800015449523926
58.0775015503168106
58.2750015556812286
58.4725015610456467
58.6700015664100647
58.8675015717744827
59.0650015771389008
59.2625015825033188
59.4600015878677368
59.6575015932321548
59.8550015985965729
60.0525016039609909
60.2500016093254089
60.447501614689827
60.645001620054245
60.842501625418663
61.0400016307830811
61.2375016361474991
61.4350016415119171
61.6325016468763351
61.8300016522407532
62.0275016576051712
62.2250016629695892
62.4225016683340073
62.6200016736984253
62.8175016790628433
63.0150016844272614
63.2125016897916794
63.4100016951560974
63.6075017005205154
63.8050017058849335
64.0025017112493515
64.2000017166137695
64.3975017219781876
64.5950017273426056
64.7925017327070236
64.9900017380714417
65.1875017434358597
65.3850017488002777
65.5825017541646957
65.7800017595291138
65.9775017648935318
66.1750017702579498
66.3725017756223679
66.5700017809867859
66.7675017863512039
66.9650017917156219
67.16250179708004
67.360001802444458
67.557501807808876
67.7550018131732941
67.9525018185377121
68.1500018239021301
68.3475018292665482
68.5450018346309662
68.7425018399953842
68.9400018453598022
69.1375018507242203
69.3350018560886383
69.5325018614530563
69.7300018668174744
69.9275018721818924
70.1250018775463104
70.3225018829107285
70.5200018882751465
70.7175018936395645
70.9150018990039825
71.1125019043684006
71.3100019097328186
71.5075019150972366
71.7050019204616547
71.9025019258260727
72.1000019311904907
72.2975019365549088
72.4950019419193268
72.6925019472837448
72.8900019526481628
73.0875019580125809
73.2850019633769989
73.4825019687414169
73.680001974105835
73.877501979470253
74.075001984834671
74.2725019901990891
74.4700019955635071
74.6675020009279251
74.8650020062923431
75.0625020116567612
75.2600020170211792
75.4575020223855972
75.6550020277500153
75.8525020331144333
76.0500020384788513
76.2475020438432693
76.4450020492076874
76.6425020545721054
76.8400020599365234
77.0375020653009415
77.2350020706653595
77.4325020760297775
77.6300020813941956
77.8275020867586136
78.0250020921230316
78.2225020974874496
78.4200021028518677
78.6175021082162857
78.8150021135807037
79.0125021189451218
79.2100021243095398
79.4075021296739578
79.6050021350383759
79.8025021404027939
80.0000021457672119
