0.400000005960464478
0.40205078711733222
0.404101568274199963
0.406152349431067705
0.408203130587935448
0.41025391174480319
0.412304692901670933
0.414355474058538675
0.416406255215406418
0.41845703637227416
0.420507817529141903
0.422558598686009645
0.424609379842877388
0.426660160999745131
0.428710942156612873
0.430761723313480616
0.432812504470348358
0.434863285627216101
0.436914066784083843
0.438964847940951586
0.441015629097819328
0.443066410254687071
0.445117191411554813
0.447167972568422556
0.449218753725290298
0.451269534882158041
0.453320316039025784
0.455371097195893526
0.457421878352761269
0.459472659509629011
0.461523440666496754
0.463574221823364496
0.465625002980232239
0.467675784137099981
0.469726565293967724
0.471777346450835466
0.473828127607703209
0.475878908764570951
0.477929689921438694
0.479980471078306437
0.482031252235174179
0.484082033392041922
0.486132814548909664
0.488183595705777407
0.490234376862645149
0.492285158019512892
0.494335939176380634
0.496386720333248377
0.498437501490116119
0.500488282646983862
0.502539063803851604
0.504589844960719347
0.50664062611758709
0.508691407274454832
0.510742188431322575
0.512792969588190317
0.51484375074505806
0.516894531901925802
0.518945313058793545
0.520996094215661287
0.52304687537252903
0.525097656529396772
0.527148437686264515
0.529199218843132257
0.53125
0.533300781156867743
0.535351562313735485
0.537402343470603228
0.53945312462747097
0.541503905784338713
0.543554686941206455
0.545605468098074198
0.54765624925494194
0.549707030411809683
0.551757811568677425
0.553808592725545168
0.55585937388241291
0.557910155039280653
0.559960936196148396
0.562011717353016138
0.564062498509883881
0.566113279666751623
0.568164060823619366
0.570214841980487108
0.572265623137354851
0.574316404294222593
0.576367185451090336
0.578417966607958078
0.580468747764825821
0.582519528921693563
0.584570310078561306
0.586621091235429049
0.588671872392296791
0.590722653549164534
0.592773434706032276
0.594824215862900019
0.596874997019767761
0.598925778176635504
0.600976559333503246
0.603027340490370989
0.605078121647238731
0.607128902804106474
0.609179683960974216
0.611230465117841959
0.613281246274709702
0.615332027431577444
0.617382808588445187
0.619433589745312929
0.621484370902180672
0.623535152059048414
0.625585933215916157
0.627636714372783899
0.629687495529651642
0.631738276686519384
0.633789057843387127
0.635839839000254869
0.637890620157122612
0.639941401313990355
0.641992182470858097
0.64404296362772584
0.646093744784593582
0.648144525941461325
0.650195307098329067
0.65224608825519681
0.654296869412064552
0.656347650568932295
0.658398431725800037
0.66044921288266778
0.662499994039535522
0.664550775196403265
0.666601556353271008
0.66865233751013875
0.670703118667006493
0.672753899823874235
0.674804680980741978
0.67685546213760972
0.678906243294477463
0.680957024451345205
0.683007805608212948
0.68505858676508069
0.687109367921948433
0.689160149078816175
0.691210930235683918
0.693261711392551661
0.695312492549419403
0.697363273706287146
0.699414054863154888
0.701464836020022631
0.703515617176890373
0.705566398333758116
0.707617179490625858
0.709667960647493601
0.711718741804361343
0.713769522961229086
0.715820304118096828
0.717871085274964571
0.719921866431832314
0.721972647588700056
0.724023428745567799
0.726074209902435541
0.728124991059303284
0.730175772216171026
0.732226553373038769
0.734277334529906511
0.736328115686774254
0.738378896843641996
0.740429678000509739
0.742480459157377481
0.744531240314245224
0.746582021471112967
0.748632802627980709
0.750683583784848452
0.752734364941716194
0.754785146098583937
0.756835927255451679
0.758886708412319422
0.760937489569187164
0.762988270726054907
0.765039051882922649
0.767089833039790392
0.769140614196658134
0.771191395353525877
0.77324217651039362
0.775292957667261362
0.777343738824129105
0.779394519980996847
0.78144530113786459
0.783496082294732332
0.785546863451600075
0.787597644608467817
0.78964842576533556
0.791699206922203302
0.793749988079071045
0.795800769235938787
0.79785155039280653
0.799902331549674273
0.801953112706542015
0.804003893863409758
0.8060546750202775
0.808105456177145243
0.810156237334012985
0.812207018490880728
0.81425779964774847
0.816308580804616213
0.818359361961483955
0.820410143118351698
0.82246092427521944
0.824511705432087183
0.826562486588954926
0.828613267745822668
0.830664048902690411
0.832714830059558153
0.834765611216425896
0.836816392373293638
0.838867173530161381
0.840917954687029123
0.842968735843896866
0.845019517000764608
0.847070298157632351
0.849121079314500093
0.851171860471367836
0.853222641628235579
0.855273422785103321
0.857324203941971064
0.859374985098838806
0.861425766255706549
0.863476547412574291
0.865527328569442034
0.867578109726309776
0.869628890883177519
0.871679672040045261
0.873730453196913004
0.875781234353780746
0.877832015510648489
0.879882796667516232
0.881933577824383974
0.883984358981251717
0.886035140138119459
0.888085921294987202
0.890136702451854944
0.892187483608722687
0.894238264765590429
0.896289045922458172
0.898339827079325914
0.900390608236193657
0.902441389393061399
0.904492170549929142
0.906542951706796885
0.908593732863664627
0.91064451402053237
0.912695295177400112
0.914746076334267855
0.916796857491135597
0.91884763864800334
0.920898419804871082
0.922949200961738825
0.924999982118606567
0.92705076327547431
0.929101544432342052
0.931152325589209795
0.933203106746077538
0.93525388790294528
0.937304669059813023
0.939355450216680765
0.941406231373548508
0.94345701253041625
0.945507793687283993
0.947558574844151735
0.949609356001019478
0.95166013715788722
0.953710918314754963
0.955761699471622705
0.957812480628490448
0.959863261785358191
0.961914042942225933
0.963964824099093676
0.966015605255961418
0.968066386412829161
0.970117167569696903
0.972167948726564646
0.974218729883432388
0.976269511040300131
0.978320292197167873
0.980371073354035616
0.982421854510903358
0.984472635667771101
0.986523416824638844
0.988574197981506586
0.990624979138374329
0.992675760295242071
0.994726541452109814
0.996777322608977556
0.998828103765845299
1.00087888492271304
1.00292966607958078
1.00498044723644853
1.00703122839331627
1.00908200955018401
1.01113279070705175
1.0131835718639195
1.01523435302078724
1.01728513417765498
1.01933591533452272
1.02138669649139047
1.02343747764825821
1.02548825880512595
1.02753903996199369
1.02958982111886144
1.03164060227572918
1.03369138343259692
1.03574216458946466
1.03779294574633241
1.03984372690320015
1.04189450806006789
1.04394528921693563
1.04599607037380338
1.04804685153067112
1.05009763268753886
1.0521484138444066
1.05419919500127435
1.05624997615814209
1.05830075731500983
1.06035153847187757
1.06240231962874532
1.06445310078561306
1.0665038819424808
1.06855466309934855
1.07060544425621629
1.07265622541308403
1.07470700656995177
1.07675778772681952
1.07880856888368726
1.080859350040555
1.08291013119742274
1.08496091235429049
1.08701169351115823
1.08906247466802597
1.09111325582489371
1.09316403698176146
1.0952148181386292
1.09726559929549694
1.09931638045236468
1.10136716160923243
1.10341794276610017
1.10546872392296791
1.10751950507983565
1.1095702862367034
1.11162106739357114
1.11367184855043888
1.11572262970730662
1.11777341086417437
1.11982419202104211
1.12187497317790985
1.12392575433477759
1.12597653549164534
1.12802731664851308
1.13007809780538082
1.13212887896224856
1.13417966011911631
1.13623044127598405
1.13828122243285179
1.14033200358971953
1.14238278474658728
1.14443356590345502
1.14648434706032276
1.1485351282171905
1.15058590937405825
1.15263669053092599
1.15468747168779373
1.15673825284466147
1.15878903400152922
1.16083981515839696
1.1628905963152647
1.16494137747213244
1.16699215862900019
1.16904293978586793
1.17109372094273567
1.17314450209960341
1.17519528325647116
1.1772460644133389
1.17929684557020664
1.18134762672707438
1.18339840788394213
1.18544918904080987
1.18749997019767761
1.18955075135454535
1.1916015325114131
1.19365231366828084
1.19570309482514858
1.19775387598201632
1.19980465713888407
1.20185543829575181
1.20390621945261955
1.2059570006094873
1.20800778176635504
1.21005856292322278
1.21210934408009052
1.21416012523695827
1.21621090639382601
1.21826168755069375
1.22031246870756149
1.22236324986442924
1.22441403102129698
1.22646481217816472
1.22851559333503246
1.23056637449190021
1.23261715564876795
1.23466793680563569
1.23671871796250343
1.23876949911937118
1.24082028027623892
1.24287106143310666
1.2449218425899744
1.24697262374684215
1.24902340490370989
1.25107418606057763
1.25312496721744537
1.25517574837431312
1.25722652953118086
1.2592773106880486
1.26132809184491634
1.26337887300178409
1.26542965415865183
1.26748043531551957
1.26953121647238731
1.27158199762925506
1.2736327787861228
1.27568355994299054
1.27773434109985828
1.27978512225672603
1.28183590341359377
1.28388668457046151
1.28593746572732925
1.287988246884197
1.29003902804106474
1.29208980919793248
1.29414059035480022
1.29619137151166797
1.29824215266853571
1.30029293382540345
1.30234371498227119
1.30439449613913894
1.30644527729600668
1.30849605845287442
1.31054683960974216
1.31259762076660991
1.31464840192347765
1.31669918308034539
1.31874996423721313
1.32080074539408088
1.32285152655094862
1.32490230770781636
1.3269530888646841
1.32900387002155185
1.33105465117841959
1.33310543233528733
1.33515621349215508
1.33720699464902282
1.33925777580589056
1.3413085569627583
1.34335933811962605
1.34541011927649379
1.34746090043336153
1.34951168159022927
1.35156246274709702
1.35361324390396476
1.3556640250608325
1.35771480621770024
1.35976558737456799
1.36181636853143573
1.36386714968830347
1.36591793084517121
1.36796871200203896
1.3700194931589067
1.37207027431577444
1.37412105547264218
1.37617183662950993
1.37822261778637767
1.38027339894324541
1.38232418010011315
1.3843749612569809
1.38642574241384864
1.38847652357071638
1.39052730472758412
1.39257808588445187
1.39462886704131961
1.39667964819818735
1.39873042935505509
1.40078121051192284
1.40283199166879058
1.40488277282565832
1.40693355398252606
1.40898433513939381
1.41103511629626155
1.41308589745312929
1.41513667860999703
1.41718745976686478
1.41923824092373252
1.42128902208060026
1.423339803237468
1.42539058439433575
1.42744136555120349
1.42949214670807123
1.43154292786493897
1.43359370902180672
1.43564449017867446
1.4376952713355422
1.43974605249240994
1.44179683364927769
1.44384761480614543
1.44589839596301317
1.44794917711988091
1.44999995827674866
1.4520507394336164
1.45410152059048414
1.45615230174735188
1.45820308290421963
1.46025386406108737
1.46230464521795511
1.46435542637482285
1.4664062075316906
1.46845698868855834
1.47050776984542608
1.47255855100229383
1.47460933215916157
1.47666011331602931
1.47871089447289705
1.4807616756297648
1.48281245678663254
1.48486323794350028
1.48691401910036802
1.48896480025723577
1.49101558141410351
1.49306636257097125
1.49511714372783899
1.49716792488470674
1.49921870604157448
1.50126948719844222
1.50332026835530996
1.50537104951217771
1.50742183066904545
1.50947261182591319
1.51152339298278093
1.51357417413964868
1.51562495529651642
1.51767573645338416
1.5197265176102519
1.52177729876711965
1.52382807992398739
1.52587886108085513
1.52792964223772287
1.52998042339459062
1.53203120455145836
1.5340819857083261
1.53613276686519384
1.53818354802206159
1.54023432917892933
1.54228511033579707
1.54433589149266481
1.54638667264953256
1.5484374538064003
1.55048823496326804
1.55253901612013578
1.55458979727700353
1.55664057843387127
1.55869135959073901
1.56074214074760675
1.5627929219044745
1.56484370306134224
1.56689448421820998
1.56894526537507772
1.57099604653194547
1.57304682768881321
1.57509760884568095
1.57714839000254869
1.57919917115941644
1.58124995231628418
1.58330073347315192
1.58535151463001966
1.58740229578688741
1.58945307694375515
1.59150385810062289
1.59355463925749063
1.59560542041435838
1.59765620157122612
1.59970698272809386
1.60175776388496161
1.60380854504182935
1.60585932619869709
1.60791010735556483
1.60996088851243258
1.61201166966930032
1.61406245082616806
1.6161132319830358
1.61816401313990355
1.62021479429677129
1.62226557545363903
1.62431635661050677
1.62636713776737452
1.62841791892424226
1.63046870008111
1.63251948123797774
1.63457026239484549
1.63662104355171323
1.63867182470858097
1.64072260586544871
1.64277338702231646
1.6448241681791842
1.64687494933605194
1.64892573049291968
1.65097651164978743
1.65302729280665517
1.65507807396352291
1.65712885512039065
1.6591796362772584
1.66123041743412614
1.66328119859099388
1.66533197974786162
1.66738276090472937
1.66943354206159711
1.67148432321846485
1.67353510437533259
1.67558588553220034
1.67763666668906808
1.67968744784593582
1.68173822900280356
1.68378901015967131
1.68583979131653905
1.68789057247340679
1.68994135363027453
1.69199213478714228
1.69404291594401002
1.69609369710087776
1.6981444782577455
1.70019525941461325
1.70224604057148099
1.70429682172834873
1.70634760288521647
1.70839838404208422
1.71044916519895196
1.7124999463558197
1.71455072751268744
1.71660150866955519
1.71865228982642293
1.72070307098329067
1.72275385214015841
1.72480463329702616
1.7268554144538939
1.72890619561076164
1.73095697676762938
1.73300775792449713
1.73505853908136487
1.73710932023823261
1.73916010139510036
1.7412108825519681
1.74326166370883584
1.74531244486570358
1.74736322602257133
1.74941400717943907
1.75146478833630681
1.75351556949317455
1.7555663506500423
1.75761713180691004
1.75966791296377778
1.76171869412064552
1.76376947527751327
1.76582025643438101
1.76787103759124875
1.76992181874811649
1.77197259990498424
1.77402338106185198
1.77607416221871972
1.77812494337558746
1.78017572453245521
1.78222650568932295
1.78427728684619069
1.78632806800305843
1.78837884915992618
1.79042963031679392
1.79248041147366166
1.7945311926305294
1.79658197378739715
1.79863275494426489
1.80068353610113263
1.80273431725800037
1.80478509841486812
1.80683587957173586
1.8088866607286036
1.81093744188547134
1.81298822304233909
1.81503900419920683
1.81708978535607457
1.81914056651294231
1.82119134766981006
1.8232421288266778
1.82529290998354554
1.82734369114041328
1.82939447229728103
1.83144525345414877
1.83349603461101651
1.83554681576788425
1.837597596924752
1.83964837808161974
1.84169915923848748
1.84374994039535522
1.84580072155222297
1.84785150270909071
1.84990228386595845
1.85195306502282619
1.85400384617969394
1.85605462733656168
1.85810540849342942
1.86015618965029716
1.86220697080716491
1.86425775196403265
1.86630853312090039
1.86835931427776814
1.87041009543463588
1.87246087659150362
1.87451165774837136
1.87656243890523911
1.87861322006210685
1.88066400121897459
1.88271478237584233
1.88476556353271008
1.88681634468957782
1.88886712584644556
1.8909179070033133
1.89296868816018105
1.89501946931704879
1.89707025047391653
1.89912103163078427
1.90117181278765202
1.90322259394451976
1.9052733751013875
1.90732415625825524
1.90937493741512299
1.91142571857199073
1.91347649972885847
1.91552728088572621
1.91757806204259396
1.9196288431994617
1.92167962435632944
1.92373040551319718
1.92578118667006493
1.92783196782693267
1.92988274898380041
1.93193353014066815
1.9339843112975359
1.93603509245440364
1.93808587361127138
1.94013665476813912
1.94218743592500687
1.94423821708187461
1.94628899823874235
1.94833977939561009
1.95039056055247784
1.95244134170934558
1.95449212286621332
1.95654290402308106
1.95859368517994881
1.96064446633681655
1.96269524749368429
1.96474602865055203
1.96679680980741978
1.96884759096428752
1.97089837212115526
1.972949153278023
1.97499993443489075
1.97705071559175849
1.97910149674862623
1.98115227790549397
1.98320305906236172
1.98525384021922946
1.9873046213760972
1.98935540253296494
1.99140618368983269
1.99345696484670043
1.99550774600356817
1.99755852716043591
1.99960930831730366
2.0016600894741714
2.00371087063103914
2.00576165178790689
2.00781243294477463
2.00986321410164237
2.01191399525851011
2.01396477641537786
2.0160155575722456
2.01806633872911334
2.02011711988598108
2.02216790104284883
2.02421868219971657
2.02626946335658431
2.02832024451345205
2.0303710256703198
2.03242180682718754
2.03447258798405528
2.03652336914092302
2.03857415029779077
2.04062493145465851
2.04267571261152625
2.04472649376839399
2.04677727492526174
2.04882805608212948
2.05087883723899722
2.05292961839586496
2.05498039955273271
2.05703118070960045
2.05908196186646819
2.06113274302333593
2.06318352418020368
2.06523430533707142
2.06728508649393916
2.0693358676508069
2.07138664880767465
2.07343742996454239
2.07548821112141013
2.07753899227827787
2.07958977343514562
2.08164055459201336
2.0836913357488811
2.08574211690574884
2.08779289806261659
2.08984367921948433
2.09189446037635207
2.09394524153321981
2.09599602269008756
2.0980468038469553
2.10009758500382304
2.10214836616069078
2.10419914731755853
2.10624992847442627
2.10830070963129401
2.11035149078816175
2.1124022719450295
2.11445305310189724
2.11650383425876498
2.11855461541563272
2.12060539657250047
2.12265617772936821
2.12470695888623595
2.12675774004310369
2.12880852119997144
2.13085930235683918
2.13291008351370692
2.13496086467057467
2.13701164582744241
2.13906242698431015
2.14111320814117789
2.14316398929804564
2.14521477045491338
2.14726555161178112
2.14931633276864886
2.15136711392551661
2.15341789508238435
2.15546867623925209
2.15751945739611983
2.15957023855298758
2.16162101970985532
2.16367180086672306
2.1657225820235908
2.16777336318045855
2.16982414433732629
2.17187492549419403
2.17392570665106177
2.17597648780792952
2.17802726896479726
2.180078050121665
2.18212883127853274
2.18417961243540049
2.18623039359226823
2.18828117474913597
2.19033195590600371
2.19238273706287146
2.1944335182197392
2.19648429937660694
2.19853508053347468
2.20058586169034243
2.20263664284721017
2.20468742400407791
2.20673820516094565
2.2087889863178134
2.21083976747468114
2.21289054863154888
2.21494132978841662
2.21699211094528437
2.21904289210215211
2.22109367325901985
2.22314445441588759
2.22519523557275534
2.22724601672962308
2.22929679788649082
2.23134757904335856
2.23339836020022631
2.23544914135709405
2.23749992251396179
2.23955070367082953
2.24160148482769728
2.24365226598456502
2.24570304714143276
2.2477538282983005
2.24980460945516825
2.25185539061203599
2.25390617176890373
2.25595695292577147
2.25800773408263922
2.26005851523950696
2.2621092963963747
2.26416007755324244
2.26621085871011019
2.26826163986697793
2.27031242102384567
2.27236320218071342
2.27441398333758116
2.2764647644944489
2.27851554565131664
2.28056632680818439
2.28261710796505213
2.28466788912191987
2.28671867027878761
2.28876945143565536
2.2908202325925231
2.29287101374939084
2.29492179490625858
2.29697257606312633
2.29902335721999407
2.30107413837686181
2.30312491953372955
2.3051757006905973
2.30722648184746504
2.30927726300433278
2.31132804416120052
2.31337882531806827
2.31542960647493601
2.31748038763180375
2.31953116878867149
2.32158194994553924
2.32363273110240698
2.32568351225927472
2.32773429341614246
2.32978507457301021
2.33183585572987795
2.33388663688674569
2.33593741804361343
2.33798819920048118
2.34003898035734892
2.34208976151421666
2.3441405426710844
2.34619132382795215
2.34824210498481989
2.35029288614168763
2.35234366729855537
2.35439444845542312
2.35644522961229086
2.3584960107691586
2.36054679192602634
2.36259757308289409
2.36464835423976183
2.36669913539662957
2.36874991655349731
2.37080069771036506
2.3728514788672328
2.37490226002410054
2.37695304118096828
2.37900382233783603
2.38105460349470377
2.38310538465157151
2.38515616580843925
2.387206946965307
2.38925772812217474
2.39130850927904248
2.39335929043591022
2.39541007159277797
2.39746085274964571
2.39951163390651345
2.4015624150633812
2.40361319622024894
2.40566397737711668
2.40771475853398442
2.40976553969085217
2.41181632084771991
2.41386710200458765
2.41591788316145539
2.41796866431832314
2.42001944547519088
2.42207022663205862
2.42412100778892636
2.42617178894579411
2.42822257010266185
2.43027335125952959
2.43232413241639733
2.43437491357326508
2.43642569473013282
2.43847647588700056
2.4405272570438683
2.44257803820073605
2.44462881935760379
2.44667960051447153
2.44873038167133927
2.45078116282820702
2.45283194398507476
2.4548827251419425
2.45693350629881024
2.45898428745567799
2.46103506861254573
2.46308584976941347
2.46513663092628121
2.46718741208314896
2.4692381932400167
2.47128897439688444
2.47333975555375218
2.47539053671061993
2.47744131786748767
2.47949209902435541
2.48154288018122315
2.4835936613380909
2.48564444249495864
2.48769522365182638
2.48974600480869412
2.49179678596556187
2.49384756712242961
2.49589834827929735
2.49794912943616509
2.49999991059303284
